year, month, day, HOME TEAM,total minutes, fg, fg attempts, fg percentage, 3p, 3p attempts, 3p percentage, ft,ft attempts, ft percentage, orb, drb, trb, ast, stl, blk, tov, pf, pts, total minutes (2), ts, efg, three_ar, ft_ar, orb_p, drb_p, trb_p, ast_p, stl_p, blk_p, tov_p, usg_p, or, dr, AWAY TEAM, a.total minutes, a.fg, a.fg attempts, a.fg percentage, a.3p, a.3p attempts, a.3p percentage, a.ft,a.ft attempts, a.ft percentage, a.orb, a.drb, a.trb, a.ast, a.stl, a.blk, a.tov, a.pf, a.pts, a.total minutes (2), a.ts, a.efg, a.three_ar, a.ft_ar, a.orb_p, a.drb_p, a.trb_p, a.ast_p, a.stl_p, a.blk_p, a.tov_p, a.usg_p, a.or, a.dr 
2013, 10, 29, IND,240.0,34.0,71.0,0.479,7.0,17.0,0.412,22.0,32.0,0.688,10.0,34.0,44.0,17.0,4.0,18.0,20.0,13.0,97.0,240.0,0.57,0.528,0.239,0.451,27.8,72.3,53.0,50.0,4.2,24.3,19.0,100.0,102.1,91.6,ORL, 240.0,36.0,93.0,0.387,9.0,19.0,0.474,6.0,10.0,0.6,13.0,26.0,39.0,17.0,10.0,6.0,17.0,26.0,87.0,240.0,0.447,0.435,0.204,0.108,27.7,72.2,47.0,47.2,10.5,11.1,14.9,100.0,91.6,102.1,
2013, 10, 29, LAL,240.0,42.0,93.0,0.452,14.0,29.0,0.483,18.0,28.0,0.643,18.0,34.0,52.0,23.0,8.0,6.0,19.0,23.0,116.0,240.0,0.551,0.527,0.312,0.301,37.5,77.3,56.5,54.8,8.0,9.7,15.3,100.0,115.6,102.6,LAC, 240.0,41.0,83.0,0.494,8.0,21.0,0.381,13.0,23.0,0.565,10.0,30.0,40.0,27.0,11.0,4.0,16.0,21.0,103.0,240.0,0.553,0.542,0.253,0.277,22.7,62.5,43.5,65.9,11.0,6.3,14.7,100.0,102.6,115.6,
2013, 10, 29, MIA,240.0,37.0,72.0,0.514,11.0,20.0,0.55,22.0,29.0,0.759,5.0,35.0,40.0,26.0,10.0,7.0,18.0,21.0,107.0,240.0,0.631,0.59,0.278,0.403,14.3,76.1,49.4,70.3,10.3,12.3,17.5,100.0,110.2,97.9,CHI, 240.0,35.0,83.0,0.422,7.0,26.0,0.269,18.0,23.0,0.783,11.0,30.0,41.0,23.0,11.0,4.0,18.0,27.0,95.0,240.0,0.51,0.464,0.313,0.277,23.9,85.7,50.6,65.7,11.3,7.7,16.2,100.0,97.9,110.2,
2013, 10, 30, CLE,240.0,35.0,84.0,0.417,5.0,15.0,0.333,23.0,34.0,0.676,16.0,32.0,48.0,21.0,7.0,3.0,11.0,20.0,98.0,240.0,0.495,0.446,0.179,0.405,36.4,78.0,56.5,60.0,7.6,5.2,10.0,100.0,106.2,101.8,BRK, 240.0,33.0,82.0,0.402,9.0,24.0,0.375,19.0,24.0,0.792,9.0,28.0,37.0,24.0,8.0,8.0,15.0,27.0,94.0,240.0,0.508,0.457,0.293,0.293,22.0,63.6,43.5,72.7,8.7,11.6,13.9,100.0,101.8,106.2,
2013, 10, 30, DAL,240.0,44.0,77.0,0.571,11.0,24.0,0.458,19.0,24.0,0.792,7.0,35.0,42.0,31.0,7.0,2.0,20.0,22.0,118.0,240.0,0.674,0.643,0.312,0.312,20.0,87.5,56.0,70.5,7.0,3.8,18.6,100.0,117.2,108.3,ATL, 240.0,37.0,76.0,0.487,8.0,24.0,0.333,27.0,35.0,0.771,5.0,28.0,33.0,27.0,16.0,5.0,17.0,20.0,109.0,240.0,0.596,0.539,0.316,0.461,12.5,80.0,44.0,73.0,15.9,9.4,15.7,100.0,108.3,117.2,
2013, 10, 30, DET,240.0,39.0,78.0,0.5,9.0,24.0,0.375,26.0,33.0,0.788,12.0,32.0,44.0,24.0,6.0,4.0,18.0,27.0,113.0,240.0,0.611,0.558,0.308,0.423,32.4,71.1,53.7,61.5,6.4,7.5,16.3,100.0,119.7,108.0,WAS, 240.0,34.0,78.0,0.436,10.0,25.0,0.4,24.0,32.0,0.75,13.0,25.0,38.0,23.0,5.0,3.0,16.0,30.0,102.0,240.0,0.554,0.5,0.321,0.41,28.9,67.6,46.3,67.6,5.3,5.6,14.8,100.0,108.0,119.7,
2013, 10, 30, GSW,240.0,46.0,86.0,0.535,15.0,27.0,0.556,18.0,23.0,0.783,7.0,41.0,48.0,34.0,8.0,9.0,15.0,22.0,125.0,240.0,0.65,0.622,0.314,0.267,18.9,82.0,55.2,73.9,7.8,12.7,13.5,100.0,121.9,91.7,LAL, 240.0,35.0,89.0,0.393,8.0,18.0,0.444,16.0,21.0,0.762,9.0,30.0,39.0,19.0,5.0,4.0,16.0,22.0,94.0,240.0,0.478,0.438,0.202,0.236,18.0,81.1,44.8,54.3,4.9,6.8,14.0,100.0,91.7,121.9,
2013, 10, 30, HOU,240.0,36.0,76.0,0.474,9.0,25.0,0.36,15.0,24.0,0.625,14.0,40.0,54.0,17.0,4.0,6.0,18.0,16.0,96.0,240.0,0.555,0.533,0.329,0.316,35.9,76.9,59.3,47.2,4.5,7.5,17.2,100.0,107.2,92.7,CHA, 240.0,33.0,90.0,0.367,4.0,10.0,0.4,13.0,20.0,0.65,12.0,25.0,37.0,14.0,8.0,6.0,7.0,21.0,83.0,240.0,0.42,0.389,0.111,0.222,23.1,64.1,40.7,42.4,8.9,11.8,6.6,100.0,92.7,107.2,
2013, 10, 30, MIN,265.0,42.0,100.0,0.42,8.0,25.0,0.32,28.0,34.0,0.824,14.0,35.0,49.0,27.0,7.0,3.0,14.0,19.0,120.0,265.0,0.522,0.46,0.25,0.34,25.9,71.4,47.6,64.3,6.3,4.1,10.9,100.0,108.8,104.3,ORL, 265.0,47.0,100.0,0.47,10.0,27.0,0.37,11.0,18.0,0.611,14.0,40.0,54.0,21.0,7.0,6.0,18.0,29.0,115.0,265.0,0.533,0.52,0.27,0.18,28.6,74.1,52.4,44.7,6.3,8.0,14.3,100.0,104.3,108.8,
2013, 10, 30, NOP,240.0,34.0,85.0,0.4,5.0,11.0,0.455,17.0,21.0,0.81,15.0,28.0,43.0,17.0,7.0,5.0,15.0,29.0,90.0,240.0,0.478,0.429,0.129,0.247,32.6,82.4,53.8,50.0,7.7,10.6,13.7,100.0,99.4,104.9,IND, 240.0,30.0,70.0,0.429,10.0,23.0,0.435,25.0,30.0,0.833,6.0,31.0,37.0,19.0,5.0,12.0,16.0,18.0,95.0,240.0,0.571,0.5,0.329,0.429,17.6,67.4,46.3,63.3,5.5,16.2,16.1,100.0,104.9,99.4,
2013, 10, 30, NYK,240.0,36.0,71.0,0.507,3.0,13.0,0.231,15.0,17.0,0.882,6.0,28.0,34.0,17.0,12.0,6.0,22.0,16.0,90.0,240.0,0.573,0.528,0.183,0.239,18.8,84.8,52.3,47.2,12.8,10.3,21.9,100.0,95.7,88.3,MIL, 240.0,34.0,74.0,0.459,5.0,16.0,0.313,10.0,12.0,0.833,5.0,26.0,31.0,19.0,10.0,4.0,23.0,22.0,83.0,240.0,0.523,0.493,0.216,0.162,15.2,81.3,47.7,55.9,10.6,6.9,22.5,100.0,88.3,95.7,
2013, 10, 30, PHI,240.0,43.0,80.0,0.538,8.0,21.0,0.381,20.0,24.0,0.833,8.0,32.0,40.0,24.0,16.0,1.0,18.0,21.0,114.0,240.0,0.629,0.588,0.263,0.3,25.0,82.1,56.3,55.8,16.1,2.2,16.6,100.0,114.8,110.8,MIA, 240.0,42.0,85.0,0.494,16.0,40.0,0.4,10.0,13.0,0.769,7.0,24.0,31.0,30.0,7.0,0.0,19.0,25.0,110.0,240.0,0.606,0.588,0.471,0.153,17.9,75.0,43.7,71.4,7.0,0.0,17.3,100.0,110.8,114.8,
2013, 10, 30, PHO,240.0,43.0,83.0,0.518,4.0,19.0,0.211,14.0,18.0,0.778,11.0,36.0,47.0,18.0,8.0,5.0,15.0,17.0,104.0,240.0,0.572,0.542,0.229,0.217,28.2,76.6,54.7,41.9,8.7,9.1,14.2,100.0,112.6,98.5,POR, 240.0,33.0,81.0,0.407,8.0,26.0,0.308,17.0,24.0,0.708,11.0,28.0,39.0,19.0,5.0,5.0,13.0,14.0,91.0,240.0,0.497,0.457,0.321,0.296,23.4,71.8,45.3,57.6,5.4,7.8,12.4,100.0,98.5,112.6,
2013, 10, 30, SAC,240.0,33.0,81.0,0.407,8.0,21.0,0.381,16.0,23.0,0.696,11.0,30.0,41.0,13.0,8.0,7.0,14.0,26.0,90.0,240.0,0.494,0.457,0.259,0.284,25.0,78.9,50.0,39.4,8.6,10.9,13.3,100.0,97.3,95.1,DEN, 240.0,34.0,79.0,0.43,5.0,15.0,0.333,15.0,17.0,0.882,8.0,33.0,41.0,19.0,3.0,11.0,18.0,21.0,88.0,240.0,0.509,0.462,0.19,0.215,21.1,75.0,50.0,55.9,3.2,18.3,17.2,100.0,95.1,97.3,
2013, 10, 30, SAS,240.0,40.0,76.0,0.526,11.0,20.0,0.55,10.0,16.0,0.625,4.0,36.0,40.0,25.0,3.0,6.0,15.0,18.0,101.0,240.0,0.608,0.599,0.263,0.211,10.8,76.6,47.6,62.5,3.1,7.7,15.3,100.0,104.8,97.6,MEM, 240.0,39.0,93.0,0.419,8.0,15.0,0.533,8.0,15.0,0.533,11.0,33.0,44.0,24.0,6.0,3.0,14.0,15.0,94.0,240.0,0.472,0.462,0.161,0.161,23.4,89.2,52.4,61.5,6.2,5.4,12.3,100.0,97.6,104.8,
2013, 10, 30, TOR,240.0,38.0,86.0,0.442,5.0,17.0,0.294,12.0,23.0,0.522,19.0,29.0,48.0,15.0,9.0,6.0,17.0,25.0,93.0,240.0,0.484,0.471,0.198,0.267,42.2,80.6,59.3,39.5,9.8,11.3,15.0,100.0,101.6,95.1,BOS, 240.0,32.0,66.0,0.485,3.0,13.0,0.231,20.0,29.0,0.69,7.0,26.0,33.0,15.0,10.0,7.0,22.0,27.0,87.0,240.0,0.552,0.508,0.197,0.439,19.4,57.8,40.7,46.9,10.9,10.1,21.8,100.0,95.1,101.6,
2013, 10, 30, UTA,240.0,36.0,79.0,0.456,6.0,22.0,0.273,20.0,30.0,0.667,10.0,34.0,44.0,25.0,6.0,5.0,22.0,28.0,98.0,240.0,0.531,0.494,0.278,0.38,22.2,77.3,49.4,69.4,6.1,8.1,19.3,100.0,98.8,101.9,OKC, 240.0,33.0,81.0,0.407,6.0,19.0,0.316,29.0,33.0,0.879,10.0,35.0,45.0,9.0,15.0,4.0,13.0,24.0,101.0,240.0,0.529,0.444,0.235,0.407,22.7,77.8,50.6,27.3,15.1,7.0,12.0,100.0,101.9,98.8,
2013, 10, 31, CHI,240.0,31.0,76.0,0.408,3.0,16.0,0.188,17.0,19.0,0.895,13.0,35.0,48.0,20.0,5.0,3.0,18.0,16.0,82.0,240.0,0.486,0.428,0.211,0.25,31.0,72.9,53.3,64.5,5.6,4.8,17.6,100.0,92.5,91.3,NYK, 240.0,31.0,86.0,0.36,9.0,24.0,0.375,10.0,14.0,0.714,13.0,29.0,42.0,20.0,12.0,8.0,15.0,24.0,81.0,240.0,0.439,0.413,0.279,0.163,27.1,69.0,46.7,64.5,13.5,13.3,14.0,100.0,91.3,92.5,
2013, 10, 31, LAC,240.0,42.0,85.0,0.494,9.0,28.0,0.321,33.0,50.0,0.66,16.0,28.0,44.0,27.0,15.0,4.0,18.0,30.0,126.0,240.0,0.589,0.547,0.329,0.588,41.0,73.7,57.1,64.3,14.5,7.3,14.4,100.0,121.6,111.0,GSW, 240.0,40.0,76.0,0.526,12.0,21.0,0.571,23.0,33.0,0.697,10.0,23.0,33.0,26.0,7.0,2.0,24.0,35.0,115.0,240.0,0.635,0.605,0.276,0.434,26.3,59.0,42.9,65.0,6.8,3.5,21.0,100.0,111.0,121.6,
2013, 11, 1, ATL,240.0,36.0,77.0,0.468,10.0,23.0,0.435,20.0,31.0,0.645,7.0,30.0,37.0,24.0,7.0,3.0,13.0,12.0,102.0,240.0,0.563,0.532,0.299,0.403,17.9,75.0,46.8,66.7,7.5,4.6,12.5,100.0,108.9,101.4,TOR, 240.0,40.0,88.0,0.455,7.0,23.0,0.304,8.0,14.0,0.571,10.0,32.0,42.0,15.0,5.0,6.0,12.0,25.0,95.0,240.0,0.504,0.494,0.261,0.159,25.0,82.1,53.2,37.5,5.3,11.1,11.3,100.0,101.4,108.9,
2013, 11, 1, BOS,240.0,34.0,76.0,0.447,4.0,16.0,0.25,26.0,38.0,0.684,18.0,34.0,52.0,13.0,5.0,7.0,17.0,29.0,98.0,240.0,0.528,0.474,0.211,0.5,42.9,66.7,55.9,38.2,5.7,10.1,15.5,100.0,111.3,119.3,MIL, 240.0,35.0,84.0,0.417,6.0,15.0,0.4,29.0,34.0,0.853,17.0,24.0,41.0,18.0,10.0,7.0,7.0,24.0,105.0,240.0,0.531,0.452,0.179,0.405,33.3,57.1,44.1,51.4,11.4,11.7,6.6,100.0,119.3,111.3,
2013, 11, 1, BRK,240.0,33.0,68.0,0.485,8.0,16.0,0.5,27.0,39.0,0.692,7.0,33.0,40.0,21.0,5.0,5.0,18.0,29.0,101.0,240.0,0.593,0.544,0.235,0.574,21.2,89.2,57.1,63.6,5.4,9.4,17.4,100.0,108.6,107.5,MIA, 240.0,32.0,67.0,0.478,7.0,14.0,0.5,29.0,36.0,0.806,4.0,26.0,30.0,24.0,10.0,2.0,15.0,29.0,100.0,240.0,0.604,0.53,0.209,0.537,10.8,78.8,42.9,75.0,10.8,3.8,15.3,100.0,107.5,108.6,
2013, 11, 1, CHA,240.0,33.0,73.0,0.452,3.0,12.0,0.25,21.0,34.0,0.618,5.0,32.0,37.0,21.0,7.0,8.0,15.0,20.0,90.0,240.0,0.512,0.473,0.164,0.466,13.9,74.4,46.8,63.6,7.3,12.1,14.6,100.0,94.1,87.9,CLE, 240.0,32.0,84.0,0.381,4.0,18.0,0.222,16.0,22.0,0.727,11.0,31.0,42.0,14.0,9.0,1.0,17.0,29.0,84.0,240.0,0.448,0.405,0.214,0.262,25.6,86.1,53.2,43.8,9.4,1.6,15.4,100.0,87.9,94.1,
2013, 11, 1, DEN,240.0,36.0,99.0,0.364,6.0,18.0,0.333,20.0,34.0,0.588,20.0,35.0,55.0,14.0,6.0,5.0,4.0,19.0,98.0,240.0,0.43,0.394,0.182,0.343,33.9,68.6,50.0,38.9,6.3,6.2,3.4,100.0,103.2,119.0,POR, 240.0,44.0,103.0,0.427,14.0,22.0,0.636,11.0,15.0,0.733,16.0,39.0,55.0,25.0,3.0,5.0,7.0,25.0,113.0,240.0,0.516,0.495,0.214,0.146,31.4,66.1,50.0,56.8,3.2,6.2,6.0,100.0,119.0,103.2,
2013, 11, 1, HOU,240.0,34.0,73.0,0.466,11.0,29.0,0.379,34.0,51.0,0.667,13.0,38.0,51.0,17.0,11.0,4.0,22.0,20.0,113.0,240.0,0.592,0.541,0.397,0.699,32.5,70.4,54.3,50.0,10.7,5.5,18.7,100.0,109.6,101.9,DAL, 240.0,38.0,100.0,0.38,9.0,27.0,0.333,20.0,25.0,0.8,16.0,27.0,43.0,20.0,9.0,7.0,14.0,37.0,105.0,240.0,0.473,0.425,0.27,0.25,29.6,67.5,45.7,52.6,8.7,15.9,11.2,100.0,101.9,109.6,
2013, 11, 1, LAL,240.0,30.0,82.0,0.366,8.0,27.0,0.296,17.0,24.0,0.708,8.0,38.0,46.0,22.0,4.0,7.0,12.0,19.0,85.0,240.0,0.459,0.415,0.329,0.293,17.4,76.0,47.9,73.3,4.2,9.6,11.5,100.0,88.9,95.2,SAS, 240.0,38.0,94.0,0.404,5.0,21.0,0.238,10.0,14.0,0.714,12.0,38.0,50.0,20.0,7.0,0.0,12.0,18.0,91.0,240.0,0.454,0.431,0.223,0.149,24.0,82.6,52.1,52.6,7.3,0.0,10.7,100.0,95.2,88.9,
2013, 11, 1, MEM,265.0,40.0,77.0,0.519,6.0,18.0,0.333,25.0,30.0,0.833,6.0,32.0,38.0,25.0,13.0,4.0,20.0,21.0,111.0,265.0,0.615,0.558,0.234,0.39,18.8,68.1,48.1,62.5,12.8,5.9,18.1,100.0,109.3,106.3,DET, 265.0,42.0,89.0,0.472,7.0,21.0,0.333,17.0,24.0,0.708,15.0,26.0,41.0,21.0,10.0,6.0,19.0,26.0,108.0,265.0,0.542,0.511,0.236,0.27,31.9,81.3,51.9,50.0,9.8,10.2,16.0,100.0,106.3,109.3,
2013, 11, 1, MIN,240.0,33.0,77.0,0.429,8.0,20.0,0.4,26.0,33.0,0.788,9.0,35.0,44.0,21.0,14.0,2.0,15.0,21.0,100.0,240.0,0.546,0.481,0.26,0.429,24.3,71.4,51.2,63.6,14.8,3.8,14.1,100.0,105.9,85.8,OKC, 240.0,29.0,83.0,0.349,7.0,31.0,0.226,16.0,19.0,0.842,14.0,28.0,42.0,16.0,5.0,6.0,21.0,28.0,81.0,240.0,0.443,0.392,0.373,0.229,28.6,75.7,48.8,55.2,5.3,10.5,18.7,100.0,85.8,105.9,
2013, 11, 1, ORL,240.0,39.0,70.0,0.557,11.0,22.0,0.5,21.0,27.0,0.778,5.0,39.0,44.0,22.0,11.0,7.0,18.0,19.0,110.0,240.0,0.672,0.636,0.314,0.386,15.6,69.6,50.0,56.4,11.7,8.8,18.0,100.0,116.7,95.5,NOP, 240.0,32.0,92.0,0.348,6.0,12.0,0.5,20.0,26.0,0.769,17.0,27.0,44.0,16.0,7.0,5.0,12.0,21.0,90.0,240.0,0.435,0.38,0.13,0.283,30.4,84.4,50.0,50.0,7.4,10.4,10.4,100.0,95.5,116.7,
2013, 11, 1, PHO,240.0,31.0,83.0,0.373,6.0,22.0,0.273,19.0,24.0,0.792,16.0,30.0,46.0,15.0,10.0,10.0,16.0,24.0,87.0,240.0,0.465,0.41,0.265,0.289,34.0,57.7,46.5,48.4,11.0,14.7,14.6,100.0,96.1,92.8,UTA, 240.0,31.0,85.0,0.365,5.0,17.0,0.294,17.0,27.0,0.63,22.0,31.0,53.0,20.0,3.0,1.0,20.0,20.0,84.0,240.0,0.434,0.394,0.2,0.318,42.3,66.0,53.5,64.5,3.3,1.6,17.1,100.0,92.8,96.1,
2013, 11, 1, SAC,240.0,36.0,79.0,0.456,6.0,17.0,0.353,23.0,32.0,0.719,10.0,25.0,35.0,21.0,7.0,5.0,9.0,27.0,101.0,240.0,0.543,0.494,0.215,0.405,25.6,71.4,47.3,58.3,7.9,10.9,8.8,100.0,114.2,124.4,LAC, 240.0,35.0,70.0,0.5,12.0,24.0,0.5,28.0,34.0,0.824,10.0,29.0,39.0,26.0,4.0,5.0,15.0,29.0,110.0,240.0,0.647,0.586,0.343,0.486,28.6,74.4,52.7,74.3,4.5,8.1,15.0,100.0,124.4,114.2,
2013, 11, 1, WAS,240.0,41.0,94.0,0.436,9.0,26.0,0.346,11.0,17.0,0.647,15.0,31.0,46.0,23.0,14.0,6.0,17.0,16.0,102.0,240.0,0.503,0.484,0.277,0.181,28.8,77.5,50.0,56.1,13.4,8.5,14.3,100.0,97.6,104.3,PHI, 240.0,48.0,94.0,0.511,6.0,23.0,0.261,7.0,14.0,0.5,9.0,37.0,46.0,26.0,8.0,6.0,19.0,17.0,109.0,240.0,0.544,0.543,0.245,0.149,22.5,71.2,50.0,54.2,7.7,8.8,15.9,100.0,104.3,97.6,
2013, 11, 2, DAL,240.0,32.0,80.0,0.4,7.0,19.0,0.368,40.0,46.0,0.87,14.0,31.0,45.0,18.0,12.0,4.0,11.0,20.0,111.0,240.0,0.554,0.444,0.238,0.575,29.2,64.6,46.9,56.3,12.6,5.6,9.9,100.0,116.9,104.3,MEM, 240.0,37.0,87.0,0.425,3.0,16.0,0.188,22.0,26.0,0.846,17.0,34.0,51.0,20.0,6.0,2.0,17.0,34.0,99.0,240.0,0.503,0.443,0.184,0.299,35.4,70.8,53.1,54.1,6.3,3.3,14.7,100.0,104.3,116.9,
2013, 11, 2, GSW,240.0,39.0,76.0,0.513,11.0,27.0,0.407,9.0,12.0,0.75,5.0,39.0,44.0,28.0,8.0,7.0,18.0,22.0,98.0,240.0,0.603,0.586,0.355,0.158,13.5,70.9,47.8,71.8,8.6,11.5,18.1,100.0,105.2,93.4,SAC, 240.0,30.0,87.0,0.345,6.0,26.0,0.231,21.0,24.0,0.875,16.0,32.0,48.0,16.0,9.0,1.0,14.0,18.0,87.0,240.0,0.446,0.379,0.299,0.276,29.1,86.5,52.2,53.3,9.7,2.0,12.5,100.0,93.4,105.2,
2013, 11, 2, IND,240.0,32.0,77.0,0.416,10.0,28.0,0.357,15.0,20.0,0.75,10.0,41.0,51.0,24.0,6.0,6.0,20.0,16.0,89.0,240.0,0.519,0.481,0.364,0.26,24.4,87.2,58.0,75.0,6.3,8.8,18.9,100.0,93.3,77.5,CLE, 240.0,29.0,83.0,0.349,3.0,15.0,0.2,13.0,15.0,0.867,6.0,31.0,37.0,11.0,15.0,1.0,16.0,25.0,74.0,240.0,0.413,0.367,0.181,0.181,12.8,75.6,42.0,37.9,15.7,2.0,15.2,100.0,77.5,93.3,
2013, 11, 2, MIL,240.0,37.0,84.0,0.44,6.0,17.0,0.353,10.0,18.0,0.556,6.0,32.0,38.0,25.0,7.0,5.0,13.0,26.0,90.0,240.0,0.49,0.476,0.202,0.214,12.5,64.0,38.8,67.6,7.4,9.1,12.4,100.0,94.7,102.1,TOR, 240.0,31.0,78.0,0.397,7.0,23.0,0.304,28.0,38.0,0.737,18.0,42.0,60.0,19.0,6.0,0.0,17.0,22.0,97.0,240.0,0.512,0.442,0.295,0.487,36.0,87.5,61.2,61.3,6.3,0.0,15.2,100.0,102.1,94.7,
2013, 11, 2, NOP,240.0,37.0,75.0,0.493,7.0,13.0,0.538,24.0,28.0,0.857,8.0,35.0,43.0,30.0,10.0,18.0,17.0,26.0,105.0,240.0,0.601,0.54,0.173,0.373,22.9,71.4,51.2,81.1,10.8,30.5,16.3,100.0,112.9,90.3,CHA, 240.0,30.0,80.0,0.375,3.0,21.0,0.143,21.0,36.0,0.583,14.0,27.0,41.0,13.0,8.0,4.0,13.0,22.0,84.0,240.0,0.438,0.394,0.263,0.45,28.6,77.1,48.8,43.3,8.6,6.5,11.9,100.0,90.3,112.9,
2013, 11, 2, PHI,240.0,42.0,86.0,0.488,11.0,22.0,0.5,12.0,18.0,0.667,10.0,29.0,39.0,24.0,8.0,6.0,15.0,18.0,107.0,240.0,0.57,0.552,0.256,0.209,22.7,63.0,43.3,57.1,8.2,7.6,13.8,100.0,109.2,106.2,CHI, 240.0,42.0,93.0,0.452,3.0,14.0,0.214,17.0,19.0,0.895,17.0,34.0,51.0,28.0,8.0,5.0,18.0,14.0,104.0,240.0,0.513,0.468,0.151,0.204,37.0,77.3,56.7,66.7,8.2,7.8,15.1,100.0,106.2,109.2,
2013, 11, 2, POR,240.0,45.0,81.0,0.556,8.0,20.0,0.4,17.0,19.0,0.895,7.0,32.0,39.0,29.0,3.0,7.0,16.0,15.0,115.0,240.0,0.643,0.605,0.247,0.235,23.3,72.7,52.7,64.4,3.1,8.5,15.2,100.0,120.4,109.9,SAS, 240.0,47.0,94.0,0.5,6.0,12.0,0.5,5.0,8.0,0.625,12.0,23.0,35.0,24.0,6.0,2.0,12.0,25.0,105.0,240.0,0.538,0.532,0.128,0.085,27.3,76.7,47.3,51.1,6.3,3.3,11.0,100.0,109.9,120.4,
2013, 11, 2, UTA,240.0,34.0,81.0,0.42,4.0,22.0,0.182,21.0,27.0,0.778,15.0,24.0,39.0,12.0,9.0,6.0,15.0,25.0,93.0,240.0,0.501,0.444,0.272,0.333,32.6,72.7,49.4,35.3,10.0,13.3,13.9,100.0,103.5,115.7,HOU, 240.0,34.0,67.0,0.507,9.0,22.0,0.409,27.0,35.0,0.771,9.0,31.0,40.0,16.0,6.0,7.0,18.0,23.0,104.0,240.0,0.631,0.575,0.328,0.522,27.3,67.4,50.6,47.1,6.7,11.9,17.9,100.0,115.7,103.5,
2013, 11, 3, DET,240.0,34.0,76.0,0.447,2.0,13.0,0.154,17.0,29.0,0.586,15.0,29.0,44.0,16.0,15.0,7.0,21.0,15.0,87.0,240.0,0.49,0.461,0.171,0.382,34.1,78.4,54.3,47.1,16.2,12.1,19.1,100.0,94.0,83.2,BOS, 240.0,31.0,74.0,0.419,3.0,16.0,0.188,12.0,12.0,1.0,8.0,29.0,37.0,15.0,15.0,3.0,23.0,22.0,77.0,240.0,0.486,0.439,0.216,0.162,21.6,65.9,45.7,48.4,16.2,4.8,22.5,100.0,83.2,94.0,
2013, 11, 3, LAL,240.0,38.0,89.0,0.427,9.0,25.0,0.36,20.0,24.0,0.833,6.0,47.0,53.0,27.0,5.0,7.0,13.0,24.0,105.0,240.0,0.527,0.478,0.281,0.27,12.5,82.5,50.5,71.1,4.8,10.3,11.5,100.0,101.6,99.6,ATL, 240.0,40.0,90.0,0.444,9.0,22.0,0.409,14.0,26.0,0.538,10.0,42.0,52.0,26.0,9.0,3.0,11.0,22.0,103.0,240.0,0.508,0.494,0.244,0.289,17.5,87.5,49.5,65.0,8.7,4.7,9.8,100.0,99.6,101.6,
2013, 11, 3, MIA,240.0,37.0,70.0,0.529,11.0,27.0,0.407,18.0,27.0,0.667,8.0,24.0,32.0,32.0,9.0,6.0,16.0,18.0,103.0,240.0,0.629,0.607,0.386,0.386,25.0,58.5,43.8,86.5,10.3,11.5,16.3,100.0,117.4,106.0,WAS, 240.0,35.0,82.0,0.427,12.0,30.0,0.4,11.0,16.0,0.688,17.0,24.0,41.0,22.0,8.0,2.0,20.0,26.0,93.0,240.0,0.522,0.5,0.366,0.195,41.5,75.0,56.2,62.9,9.1,4.7,18.3,100.0,106.0,117.4,
2013, 11, 3, NYK,240.0,40.0,89.0,0.449,9.0,32.0,0.281,11.0,13.0,0.846,14.0,35.0,49.0,21.0,7.0,3.0,16.0,26.0,100.0,240.0,0.528,0.5,0.36,0.146,29.8,77.8,53.3,52.5,7.4,5.8,14.5,100.0,105.1,114.5,MIN, 240.0,35.0,79.0,0.443,10.0,27.0,0.37,29.0,38.0,0.763,10.0,33.0,43.0,23.0,9.0,1.0,12.0,16.0,109.0,240.0,0.569,0.506,0.342,0.481,22.2,70.2,46.7,65.7,9.5,1.8,11.1,100.0,114.5,105.1,
2013, 11, 3, OKC,240.0,35.0,82.0,0.427,2.0,18.0,0.111,31.0,37.0,0.838,10.0,31.0,41.0,20.0,8.0,4.0,15.0,22.0,103.0,240.0,0.524,0.439,0.22,0.451,24.4,72.1,48.8,57.1,8.1,9.3,13.2,100.0,104.6,97.5,PHO, 240.0,32.0,80.0,0.4,14.0,37.0,0.378,18.0,22.0,0.818,12.0,31.0,43.0,21.0,11.0,3.0,23.0,23.0,96.0,240.0,0.535,0.488,0.463,0.275,27.9,75.6,51.2,65.6,11.2,4.7,20.4,100.0,97.5,104.6,
